   -0.183110  -0.239260
   -0.285640  -0.383300
   -0.129390  -0.312500
    -4.88280E-03  -0.144040
     7.32420E-03  -0.163570
     1.22070E-02   -6.59180E-02
    0.373540   0.241700
    0.771480   0.451660
    0.771480   0.637210
    0.437010   0.710450
    0.427250   0.664060
    0.588380   0.520020
    0.439450   0.231930
    0.183110    6.83590E-02
   -0.197750  -0.146480
   -0.529790  -0.441890
   -0.754390  -0.673830
   -0.947270  -0.908200
   -0.935060  -0.932620
   -0.791020  -0.859380
   -0.664060  -0.781250
   -0.517580  -0.683590
   -0.507810  -0.571290
   -0.427250  -0.429690
   -0.249020  -0.258790
   -0.136720  -0.205080
    0.178220   -1.70900E-02
    0.249020   -9.76560E-03
    0.336910    8.54490E-02
    0.456540   0.261230
    0.629880   0.390630
    0.864260   0.456540
     1.10350   0.588380
     1.23290   0.725100
    0.910640   0.676270
    0.581050   0.612790
    0.187990   0.449220
   -0.280760   0.119630
   -0.573730  -0.212400
   -0.639650  -0.444340
   -0.764160  -0.727540
   -0.827640  -0.744630
   -0.637210  -0.646970
   -0.488280  -0.646970
   -0.439450  -0.759280
   -0.373540  -0.815430
   -0.385740  -0.778810
   -0.449220  -0.732420
   -0.427250  -0.566410
   -0.373540  -0.529790
   -0.363770  -0.659180
   -0.183110  -0.615230
     6.83590E-02  -0.434570
    0.339360  -0.192870
    0.473630    7.08010E-02
    0.839840   0.729980
     1.27690    1.36720
     1.16210    1.20120
    0.712890   0.849610
     1.95310E-02   0.329590
   -0.256350    3.90630E-02
   -0.261230  -0.192870
   -0.395510  -0.375980
   -0.263670  -0.317380
   -0.336910  -0.402830
   -0.334470  -0.551760
   -0.219730  -0.480960
    -8.78910E-02  -0.437010
   -0.126950  -0.549320
    -6.59180E-02  -0.566410
   -0.234380  -0.634770
   -0.415040  -0.698240
   -0.246580  -0.175780
    0.898440    2.17770
     2.42430    3.03470
    0.632320  -0.275880
   -0.886230   -1.34280
   -0.329590   -1.23290
   -0.480960  -0.825200
   -0.351560  -0.744630
   -0.473630  -0.747070
   -0.402830  -0.839840
   -0.456540  -0.739750
   -0.405270  -0.771480
   -0.529790  -0.837400
   -0.554200  -0.954590
   -0.651860   -1.05710
   -0.490720  -0.627440
   -0.275880   0.366210
    0.224610   0.854490
    0.495610   0.297850
    0.244140  -0.275880
   -0.600590  -0.764160
    -1.17680  -0.910640
    -1.38430  -0.920410
    -1.24760  -0.837400
    -1.12060  -0.830080
    -1.00340  -0.871580
   -0.937500  -0.944820
   -0.849610  -0.812990
   -0.744630  -0.681150
   -0.551760  -0.302730
   -0.422360    1.02540E-01
   -0.300290   0.729980
    0.488280    1.30620
     1.66990    1.16700
     1.52340   0.668950
    0.693360   0.437010
    0.415040   0.168460
    -1.00100E-01   -1.02540E-01
   -0.295410  -0.253910
   -0.480960  -0.268550
   -0.485840  -0.112300
   -0.437010  -0.163570
   -0.356450  -0.295410
   -0.388180  -0.395510
   -0.466310  -0.476070
   -0.471190  -0.495610
   -0.317380  -0.278320
   -0.217290   0.510250
     9.76560E-02    1.72850
     1.37700    2.08500
     2.50980   0.959470
     1.16460   0.695800
    0.166020   0.361330
    0.256350   -5.61520E-02
   -0.300290  -0.131840
   -0.263670  -0.131840
   -0.319820   -9.76560E-03
   -0.231930  -0.195310
   -0.253910  -0.261230
   -0.175780  -0.373540
   -0.170900  -0.449220
    -6.83590E-02  -0.510250
    -6.10350E-02  -0.556640
     2.44140E-02  -0.544430
    0.139160  -0.305180
    0.231930  -0.156250
    0.239260  -0.117190
    0.212400  -0.104980
    0.246580   0.112300
    0.334470   0.339360
    0.393070   0.632320
    0.571290    1.23540
    0.949710    2.00440
     1.23780    2.34860
     1.32080    2.02150
    0.871580    1.17190
    -8.05660E-02   0.153810
   -0.561520  -0.278320
   -0.629880  -0.490720
   -0.578610  -0.466310
   -0.424800  -0.456540
   -0.361330  -0.422360
   -0.261230  -0.468750
   -0.126950  -0.385740
   0.  -0.388180
     9.52150E-02  -0.368650
    0.227050  -0.266110
    0.229490  -0.183110
    0.280760   -8.54490E-02
    0.424800   0.146480
    0.449220   0.134280
    0.449220   0.168460
    0.463870   0.190430
    0.458980   0.339360
    0.524900   0.654300
    0.532230    1.38670
    0.644530    2.38280
     1.37210    2.30710
     2.25340    1.12550
     1.25000   0.268550
   -0.253910  -0.197750
   -0.600590  -0.571290
   -0.986330  -0.776370
   -0.937500  -0.871580
   -0.888670  -0.842290
   -0.673830  -0.832520
   -0.546880  -0.788570
   -0.266110  -0.607910
   -0.122070  -0.507810
   -0.109860  -0.566410
    -6.83590E-02  -0.483400
    -5.12700E-02  -0.522460
     6.10350E-02  -0.461430
    0.168460  -0.439450
    0.156250  -0.502930
    0.207520  -0.480960
    0.307620  -0.415040
    0.305180  -0.397950
    0.263670  -0.175780
    0.310060   0.549320
    0.380860    2.12400
     1.29390    3.40330
     2.61230    2.41460
     2.08250   0.749510
    0.793460   0.444340
    0.253910    4.63870E-02
   -0.214840  -0.363770
   -0.546880  -0.566410
   -0.878910  -0.695800
    -1.10600  -0.922850
    -1.19380   -1.09130
    -1.24510   -1.17190
    -1.17680   -1.19380
   -0.839840  -0.910640
   -0.561520  -0.637210
   -0.297850  -0.415040
   -0.202640  -0.419920
   -0.180660  -0.378420
   -0.356450  -0.471190
   -0.466310  -0.581050
   -0.517580  -0.251460
     2.44140E-03    2.24120
    0.996090    3.72310
     1.38670    1.51120
     1.07180   0.949710
    0.725100   0.434570
    0.324710    4.88280E-03
   -0.180660  -0.563960
   -0.500490  -0.871580
   -0.581050   -1.09860
   -0.585940   -1.03520
   -0.537110  -0.886230
   -0.532230  -0.817870
   -0.393070  -0.756840
   -0.368650  -0.773930
   -0.344240  -0.708010
   -0.271000  -0.703130
   -0.161130  -0.605470
    -9.03320E-02  -0.502930
    -8.05660E-02  -0.588380
    -5.12700E-02  -0.588380
   -0.170900  -0.593260
   -0.266110  -0.568850
   -0.380860  -0.598140
   -0.263670  -0.126950
    0.817870    2.38770
     2.45360    3.97220
     1.73100    1.59670
     1.05470   0.769040
    0.791020   0.280760
    -1.46480E-02  -0.380860
   -0.417480   -1.01070
   -0.783690   -1.22800
   -0.742190   -1.16700
   -0.615230   -1.08890
   -0.446780  -0.810550
   -0.446780  -0.703130
   -0.495610  -0.632320
   -0.454100  -0.612790
   -0.397950  -0.576170
   -0.498050  -0.603030
   -0.517580  -0.524900
   -0.632320  -0.688480
   -0.671390  -0.712890
   -0.534670    7.08010E-02
    0.319820    2.33890
     1.46000    2.56100
    0.874020   0.883790
    0.266110   0.576170
    0.349120   0.261230
    0.268550   0.224610
    0.205080   -8.05660E-02
     7.56840E-02   -2.68550E-02
     6.10350E-02  -0.312500
    -4.88280E-03  -0.473630
     2.92970E-02  -0.539550
    -4.88280E-02  -0.449220
    -1.22070E-02  -0.422360
   -0.178220  -0.378420
   -0.319820  -0.539550
   -0.520020  -0.517580
   -0.622560  -0.571290
   -0.673830  -0.634770
   -0.622560  -0.266110
   -0.358890    1.03030
    0.400390    2.34620
    0.925290    1.55270
    0.725100    1.04740
    0.661620   0.739750
    0.383300   0.561520
    0.322270   -1.22070E-02
   -0.107420  -0.493160
   -0.139160  -0.312500
    -4.15040E-02  -0.214840
     4.15040E-02   -8.30080E-02
    0.117190  -0.131840
    0.187990   -6.34770E-02
    0.222170   -7.32420E-02
    0.141600   -8.05660E-02
     4.39450E-02  -0.209960
    -2.44140E-03  -0.280760
   -0.136720  -0.424800
   -0.185550  -0.454100
   -0.451660  -0.690920
   -0.620120  -0.708010
   -0.463870    5.37110E-02
    0.166020    1.79690
    0.786130    2.08250
    0.593260    1.03520
    0.600590   0.856930
    0.231930   0.192870
    -9.27730E-02  -0.324710
   -0.366210  -0.705570
   -0.397950  -0.649410
   -0.322270  -0.722660
   -0.312500  -0.700680
   -0.209960  -0.598140
   -0.219730  -0.634770
   -0.224610  -0.634770
   -0.153810  -0.500490
    -8.78910E-02  -0.466310
   -0.117190  -0.439450
    -9.27730E-02  -0.458980
   -0.234380  -0.615230
   -0.319820  -0.612790
   -0.419920  -0.534670
   -0.378420  -0.603030
    -4.15040E-02  -0.207520
    0.534670    1.45020
    0.942380    2.35110
     1.26460    1.56980
     1.07180    1.44780
    0.466310    1.09860
    0.319820   0.354000
     1.70900E-02    6.59180E-02
   -0.241700  -0.139160
   -0.332030  -0.283200
   -0.122070  -0.222170
    -4.15040E-02  -0.251460
    -9.76560E-03  -0.229490
     5.12700E-02  -0.251460
    0.129390  -0.207520
    0.104980  -0.246580
     7.56840E-02  -0.305180
     2.19730E-02  -0.390630
     4.88280E-02  -0.368650
     8.54490E-02  -0.341800
    -4.15040E-02  -0.395510
   -0.146480  -0.476070
   -0.307620  -0.571290
   -0.310060  -0.546880
    0.134280   0.834960
    0.793460    2.73440
    0.908200    1.65280
    0.705570   0.979000
    0.319820   0.544430
     3.90630E-02   0.187990
   -0.183110    3.66210E-02
   -0.234380  -0.261230
   -0.373540  -0.432130
   -0.510250  -0.576170
   -0.302730  -0.378420
    -9.76560E-02  -0.224610
     6.83590E-02    7.32420E-03
    0.104980    1.22070E-02
    0.126950   -3.66210E-02
    0.356450   0.107420
    0.375980   0.168460
    0.383300    5.61520E-02
    0.368650   -4.39450E-02
    0.239260  -0.153810
     1.70900E-02  -0.295410
   -0.202640  -0.512700
   -0.419920  -0.703130
   -0.495610  -0.825200
   -0.207520  -0.634770
    0.422360   0.864260
    0.932620    2.35350
     1.13530    1.47950
    0.554200    1.19870
    0.192870   0.488280
    -1.22070E-02   0.314940
   -0.395510   -8.05660E-02
   -0.646970  -0.539550
   -0.854490  -0.739750
   -0.764160  -0.932620
   -0.847170  -0.966800
   -0.893550  -0.991210
    -1.02780  -0.959470
   -0.795900  -0.781250
   -0.617680  -0.585940
   -0.334470  -0.395510
   -0.131840  -0.222170
    -5.12700E-02  -0.236820
    0.122070  -0.131840
    0.144040  -0.122070
    0.134280  -0.112300
    0.141600  -0.131840
    -3.17380E-02  -0.329590
   -0.212400  -0.537110
   -0.322270  -0.610350
   -0.290530  -0.583500
    -2.44140E-03   0.148930
    0.642090    1.39400
     1.31100    1.87010
     1.14010    1.47950
    0.571290    1.14750
    0.292970   0.476070
    0.205080   0.244140
   -0.253910    2.44140E-02
   -0.710450  -0.292970
   -0.849610  -0.700680
   -0.893550  -0.810550
   -0.922850  -0.854490
   -0.832520  -0.793460
   -0.722660  -0.625000
   -0.568850  -0.517580
   -0.349120  -0.356450
   -0.297850  -0.329590
   -0.283200  -0.432130
   -0.229490  -0.490720
   -0.109860  -0.341800
     5.85940E-02  -0.183110
     8.05660E-02  -0.175780
    0.117190  -0.131840
    0.187990  -0.131840
    0.136720  -0.214840
    0.158690  -0.244140
    0.158690  -0.285640
    0.195310  -0.312500
    0.434570  -0.297850
    0.727540    8.30080E-02
     1.25730    1.14750
     1.54790    1.87990
    0.937500    1.91890
    0.480960    1.65280
    0.544430   0.983890
    0.502930   0.749510
    0.122070   0.363770
   -0.354000    8.05660E-02
   -0.581050  -0.156250
   -0.725100  -0.380860
   -0.771480  -0.505370
   -0.754390  -0.529790
   -0.681150  -0.510250
   -0.495610  -0.483400
   -0.371090  -0.417480
   -0.319820  -0.446780
   -0.283200  -0.417480
   -0.266110  -0.422360
   -0.219730  -0.458980
    -9.03320E-02  -0.400390
   -0.109860  -0.419920
   -0.114750  -0.385740
    -5.12700E-02  -0.310060
    -6.10350E-02  -0.305180
     1.95310E-02  -0.280760
   -0.124510  -0.422360
   -0.214840  -0.625000
   -0.175780  -0.642090
     2.44140E-02  -0.598140
    0.378420  -0.419920
    0.732420   0.324710
     1.08400    1.61620
     1.72850    2.43160
     1.96530    2.17530
    0.446780   0.920410
   -0.136720   0.185550
   -0.109860   -5.85940E-02
   -0.522460  -0.476070
   -0.676270  -0.710450
   -0.849610  -0.854490
   -0.817870  -0.759280
   -0.925290  -0.795900
   -0.849610  -0.820310
   -0.734860  -0.729980
   -0.678710  -0.729980
   -0.598140  -0.744630
   -0.578610  -0.754390
   -0.532230  -0.727540
   -0.346680  -0.627440
   -0.310060  -0.559080
   -0.183110  -0.456540
   -0.141600  -0.422360
    -9.03320E-02  -0.271000
   -0.197750  -0.307620
   -0.205080  -0.378420
   -0.161130  -0.405270
   -0.122070  -0.283200
   -0.146480   -4.63870E-02
    0.407710    1.42580
     1.61130    2.89790
     1.87990    1.88480
     1.31350   0.952150
    0.610350   0.537110
     1.95310E-02   0.227050
   -0.344240   -8.30080E-02
   -0.671390  -0.324710
   -0.710450  -0.378420
   -0.661620  -0.454100
   -0.454100  -0.322270
   -0.324710  -0.251460
   -0.129390  -0.212400
     8.78910E-02   -8.05660E-02
    0.183110   -2.92970E-02
    0.300290    9.76560E-03
    0.393070   -4.88280E-03
    0.590820   0.122070
    0.573730   0.200200
    0.505370   0.217290
    0.437010   0.136720
    0.307620    6.59180E-02
    0.131840   -2.19730E-02
     5.61520E-02   -6.59180E-02
    0.437010   0.817870
     1.68950    3.01270
     2.30470    2.66360
     1.07420   0.534670
    0.444340   0.151370
   -0.227050  -0.341800
   -0.510250  -0.329590
   -0.871580  -0.695800
   -0.939940  -0.710450
   -0.839840  -0.759280
   -0.759280  -0.754390
   -0.671390  -0.769040
   -0.593260  -0.832520
   -0.495610  -0.769040
   -0.332030  -0.703130
   -0.161130  -0.500490
   -0.109860  -0.397950
    -9.27730E-02  -0.412600
    -7.08010E-02  -0.422360
    -9.27730E-02  -0.339360
   -0.266110  -0.407710
   -0.324710  -0.439450
   -0.361330  -0.346680
   -0.205080    8.05660E-02
    0.754390    2.00440
     1.62840    3.14940
     1.10840    1.28420
    0.744630   0.534670
    0.373540   0.158690
   -0.314940  -0.617680
   -0.852050  -0.754390
   -0.913090  -0.554200
   -0.705570  -0.522460
   -0.607910  -0.441890
   -0.502930  -0.434570
   -0.566410  -0.517580
   -0.590820  -0.622560
   -0.649410  -0.656740
   -0.649410  -0.720210
   -0.678710  -0.720210
   -0.749510  -0.751950
   -0.922850  -0.959470
    -1.04000   -1.01320
   -0.930180  -0.407710
   -0.524900    1.38180
    0.295410    2.00930
    0.766600   0.815430
    0.590820   0.661620
    0.332030   0.251460
     6.34770E-02  0.
   -0.424800  -0.449220
   -0.864260  -0.559080
    -1.02050  -0.722660
   -0.930180  -0.644530
   -0.749510  -0.649410
   -0.690920  -0.622560
   -0.534670  -0.520020
   -0.390630  -0.390630
   -0.363770  -0.383300
   -0.336910  -0.380860
   -0.332030  -0.349120
   -0.371090  -0.371090
   -0.385740  -0.283200
   -0.400390  -0.158690
   -0.356450  -0.144040
     4.15040E-02   0.153810
    0.773930    1.53080
     1.52340    3.67190
     1.42820    2.79050
    0.520020    1.50390
    0.119630   0.468750
   -0.241700    9.52150E-02
   -0.556640   -1.00100E-01
   -0.781250  -0.449220
   -0.891110  -0.476070
   -0.737300  -0.449220
   -0.554200  -0.385740
   -0.417480  -0.471190
   -0.236820  -0.297850
   -0.195310  -0.319820
    -5.85940E-02  -0.246580
    -7.32420E-02  -0.278320
    -9.27730E-02  -0.295410
   -0.161130  -0.354000
   -0.156250  -0.280760
   -0.244140  -0.266110
   -0.249020  -0.249020
   -0.175780  -0.178220
    -7.08010E-02    2.19730E-02
     4.39450E-02   0.227050
    0.263670   0.754390
    0.549320    1.70900
     1.29640    2.82710
     1.79440    2.48780
     1.49660    1.37700
    0.615230   0.673830
   -0.253910   0.385740
   -0.427250   0.180660
   -0.683590   -6.10350E-02
   -0.917970  -0.363770
    -1.08890  -0.637210
    -1.04980  -0.710450
   -0.861820  -0.673830
   -0.659180  -0.595700
   -0.476070  -0.544430
   -0.334470  -0.520020
   -0.280760  -0.502930
   -0.278320  -0.522460
   -0.292970  -0.537110
   -0.339360  -0.646970
   -0.439450  -0.754390
   -0.488280  -0.771480
   -0.439450  -0.754390
   -0.349120  -0.695800
    -5.37110E-02  -0.441890
    0.209960  -0.163570
    0.422360   0.134280
    0.637210   0.617680
    0.942380    2.16060
     1.32570    3.17140
     2.12400    1.86520
     1.67480   0.627440
     9.27730E-02   -7.08010E-02
   -0.644530  -0.202640
   -0.839840  -0.495610
    -1.04490  -0.712890
    -1.02540  -0.827640
    -1.00830  -0.913090
   -0.808110  -0.944820
   -0.532230  -0.827640
   -0.302730  -0.637210
   -0.205080  -0.600590
   -0.136720  -0.532230
   -0.187990  -0.559080
   -0.239260  -0.625000
   -0.200200  -0.676270
   -0.229490  -0.700680
   -0.166020  -0.554200
   -0.126950  -0.512700
    -4.88280E-02  -0.454100
    0.109860  -0.244140
    0.339360   -4.39450E-02
    0.808110   0.666500
     1.32570    2.17290
     1.92630    3.23240
     1.90920    2.03370
     1.45750    1.07180
    0.361330   0.495610
   -0.371090    5.85940E-02
   -0.505370  -0.126950
   -0.715330  -0.373540
   -0.830080  -0.642090
   -0.778810  -0.739750
   -0.708010  -0.734860
   -0.632320  -0.737300
   -0.378420  -0.563960
   -0.195310  -0.520020
    -3.17380E-02  -0.434570
    -1.46480E-02  -0.424800
     3.41800E-02  -0.378420
     7.32420E-02  -0.393070
    0.117190  -0.373540
     4.88280E-02  -0.483400
     4.63870E-02  -0.422360
    0.141600  -0.280760
    0.173340  -0.314940
    0.109860  -0.388180
    0.224610  -0.346680
    0.915530   0.412600
     1.77980    2.37550
     1.33060    2.27290
    0.849610    1.09860
    0.500490   0.705570
     7.56840E-02   0.217290
   -0.178220   0.454100
   -0.368650    5.12700E-02
   -0.371090   -4.15040E-02
   -0.412600  -0.356450
   -0.390630  -0.358890
   -0.358890  -0.529790
   -0.312500  -0.568850
   -0.253910  -0.661620
   -0.234380  -0.695800
   -0.256350  -0.715330
   -0.292970  -0.764160
   -0.129390  -0.705570
     6.10350E-02  -0.446780
    0.227050  -0.278320
    0.251460  -0.209960
    0.246580  -0.144040
    0.271000   -9.76560E-03
    0.322270   -4.63870E-02
    0.383300    7.56840E-02
    0.310060   0.192870
    0.300290   0.339360
    0.600590   0.634770
     1.30370    1.42330
     1.39160    2.47800
     1.35250    2.66600
     1.52830    1.60160
    0.825200   0.541990
   -0.180660  -0.161130
   -0.356450  -0.319820
   -0.471190  -0.478520
   -0.600590  -0.517580
   -0.434570  -0.510250
   -0.349120  -0.480960
   -0.292970  -0.527340
   -0.161130  -0.539550
    -4.88280E-02  -0.441890
     2.44140E-02  -0.451660
     7.08010E-02  -0.480960
     6.34770E-02  -0.554200
    -4.88280E-03  -0.610350
     4.15040E-02  -0.568850
    0.161130  -0.419920
    0.175780  -0.341800
    0.207520  -0.388180
    0.236820  -0.312500
    0.236820  -0.329590
    0.266110  -0.207520
    0.229490   -1.00100E-01
    0.566410   0.432130
     1.25980    1.65040
     1.60890    2.38040
     1.09130    1.64310
    0.541990    1.15720
   -0.158690   0.266110
   -0.781250  -0.363770
    -1.17190  -0.700680
    -1.16460  -0.727540
   -0.859380  -0.361330
   -0.654300  -0.134280
   -0.493160   -6.59180E-02
   -0.432130   -5.37110E-02
   -0.305180   -9.52150E-02
   -0.234380  -0.168460
    -9.27730E-02  -0.163570
    -1.95310E-02  -0.241700
    -3.17380E-02  -0.317380
    -9.03320E-02  -0.349120
    -4.39450E-02  -0.271000
    -4.15040E-02  -0.236820
   -0.117190  -0.219730
    -4.88280E-02  -0.126950
     4.63870E-02  -0.151370
     5.85940E-02  -0.126950
    -4.39450E-02  -0.156250
    -2.92970E-02  -0.195310
    0.412600   -7.08010E-02
     1.15720   0.297850
     1.33790    1.29390
    0.773930    2.85400
    0.312500    2.51950
   -0.478520   0.446780
    -1.17680  -0.224610
    -1.36720  -0.541990
    -1.32320  -0.661620
    -1.06930  -0.605470
   -0.744630  -0.429690
   -0.432130  -0.356450
   -0.205080  -0.217290
    -9.03320E-02  -0.178220
     7.32420E-03  -0.141600
     2.92970E-02  -0.241700
    0.129390  -0.190430
    0.214840   -6.59180E-02
    0.200200   -8.54490E-02
    0.241700   -1.02540E-01
    0.153810  -0.166020
    -4.88280E-02  -0.290530
   -0.251460  -0.385740
   -0.363770  -0.534670
   -0.305180  -0.456540
   -0.158690  -0.446780
    0.378420    6.10350E-02
     1.05220    1.92380
    0.852050    2.33640
    0.183110   0.783690
   -0.415040    3.90630E-02
   -0.869140  -0.397950
    -1.07670  -0.336910
    -1.14010  -0.512700
    -1.08890  -0.637210
   -0.974120  -0.847170
   -0.827640  -0.805660
   -0.681150  -0.876460
   -0.615230  -0.876460
   -0.490720  -0.793460
   -0.307620  -0.581050
   -0.207520  -0.559080
    -7.32420E-03  -0.380860
     2.44140E-02  -0.434570
     1.46480E-02  -0.515140
     2.92970E-02  -0.417480
     8.05660E-02  -0.349120
     9.27730E-02  -0.375980
     6.59180E-02  -0.451660
     6.83590E-02  -0.422360
     6.10350E-02  -0.285640
     5.37110E-02  -0.246580
    0.104980  -0.190430
    0.217290    1.46480E-02
    0.251460   0.187990
    0.458980   0.598140
    0.878910    1.37450
     1.10350    2.16550
    0.866700    2.40720
    0.869140    1.82130
    0.712890    1.01560
    -6.34770E-02   0.375980
   -0.336910    7.08010E-02
   -0.590820   -1.70900E-02
   -0.654300  -0.183110
   -0.654300  -0.280760
   -0.632320  -0.551760
   -0.585940  -0.649410
   -0.524900  -0.666500
   -0.454100  -0.688480
   -0.302730  -0.717770
   -0.148930  -0.717770
    -9.76560E-03  -0.654300
     5.61520E-02  -0.529790
     1.02540E-01  -0.583500
    0.153810  -0.578610
    0.141600  -0.522460
    0.136720  -0.458980
    0.131840  -0.517580
    0.117190  -0.454100
    0.112300  -0.434570
    0.139160  -0.449220
    0.173340  -0.444340
    0.354000  -0.178220
    0.534670  -0.141600
    0.646970  -0.107420
     1.14500    7.81250E-02
     1.76510    1.02050
     1.50150    2.72710
    0.822750    2.70750
    0.300290    1.60160
    -9.27730E-02   0.861820
   -0.424800   0.219730
   -0.571290   -1.46480E-02
   -0.524900  -0.178220
   -0.615230  -0.334470
   -0.520020  -0.490720
   -0.466310  -0.546880
   -0.415040  -0.610350
   -0.356450  -0.695800
   -0.158690  -0.581050
    -1.22070E-02  -0.427250
    -3.17380E-02  -0.510250
     4.63870E-02  -0.500490
    0.104980  -0.483400
     7.56840E-02  -0.532230
     3.17380E-02  -0.588380
     1.22070E-02  -0.566410
    -5.12700E-02  -0.571290
    -1.00100E-01  -0.610350
     4.39450E-02  -0.544430
    0.126950  -0.344240
     4.39450E-02  -0.449220
    -2.68550E-02  -0.405270
     1.00100E-01  -0.170900
    0.212400    6.10350E-02
    0.327150   0.393070
    0.368650   0.705570
    0.456540   0.917970
    0.568850    1.04490
    0.642090    1.30370
    0.368650   0.793460
    0.383300   0.192870
    0.815430   0.356450
    0.402830   0.493160
     4.88280E-03   0.678710
    -7.32420E-03   0.722660
   -0.192870   0.769040
   -0.185550   0.844730
   -0.200200   0.739750
   -0.229490   0.742190
   -0.124510   0.898440
     1.46480E-02   0.878910
    -1.22070E-02   0.717770
     1.02540E-01   0.493160
    0.158690   0.344240
     4.15040E-02   -4.88280E-03
    -2.68550E-02  -0.415040
   -0.129390  -0.610350
   -0.266110  -0.898440
   -0.378420   -1.08890
   -0.261230   -1.08640
    -4.39450E-02  -0.874020
    -1.22070E-02  -0.852050
     6.59180E-02  -0.793460
    0.104980  -0.795900
     3.17380E-02  -0.776370
    -7.81250E-02  -0.708010
    -7.56840E-02  -0.612790
   -0.107420  -0.500490
   -0.273440  -0.490720
   -0.529790  -0.737300
   -0.781250   -1.14990
   -0.634770   -1.17680
   -0.356450  -0.964360
   -0.151370  -0.698240
     3.17380E-02  -0.471190
     2.44140E-02  -0.375980
    -4.15040E-02  -0.290530
   -0.271000  -0.202640
   -0.253910  -0.190430
   -0.302730  -0.375980
   -0.209960  -0.131840
     9.52150E-02   0.383300
    0.329590   0.803220
    0.351560   0.944820
     5.12700E-02   0.715330
    -3.90630E-02   0.415040
   -0.178220   0.275880
   -0.205080   0.285640
   -0.234380   0.258790
   -0.312500   0.283200
   -0.285640   0.283200
   -0.351560   0.410160
   -0.402830   0.371090
   -0.393070   0.156250
   -0.449220    7.32420E-02
   -0.556640    3.66210E-02
   -0.510250   0.112300
   -0.532230   0.134280
   -0.495610   0.129390
   -0.346680   0.217290
   -0.185550   0.378420
    -5.37110E-02   0.554200
    -1.95310E-02   0.563960
     7.32420E-03   0.544430
    0.134280   0.473630
    0.273440   0.419920
    0.312500   0.305180
    0.395510   0.271000
    0.563960   0.246580
    0.561520   0.180660
    0.312500    8.54490E-02
    -7.32420E-03  -0.156250
   -0.134280  -0.295410
   -0.170900  -0.451660
   -0.192870  -0.480960
   -0.161130  -0.502930
   -0.190430  -0.507810
   -0.185550  -0.412600
   -0.112300  -0.322270
    -6.83590E-02  -0.290530
   -0.153810  -0.371090
   -0.126950  -0.258790
    -7.56840E-02   -8.30080E-02
   -0.119630   -6.83590E-02
   -0.280760  -0.126950
   -0.180660  -0.153810
     1.22070E-02  -0.153810
   -0.126950  -0.190430
    -4.63870E-02  -0.119630
    -1.00100E-01  -0.197750
    -8.54490E-02  -0.114750
     5.37110E-02    4.88280E-03
    0.207520   0.239260
    0.285640   0.485840
    0.351560   0.429690
    0.275880   0.354000
    0.112300   0.168460
     3.41800E-02    6.83590E-02
    0.197750   0.134280
    0.112300   0.280760
    -4.88280E-02    1.46480E-02
    -8.78910E-02  -0.124510
   -0.224610  -0.314940
   -0.219730  -0.317380
   -0.170900  -0.253910
   -0.187990   -9.76560E-02
   -0.158690    7.56840E-02
    -4.63870E-02    9.52150E-02
     3.90630E-02   -2.44140E-03
     7.32420E-02   -3.90630E-02
     2.44140E-02   -8.78910E-02
    0.134280   -4.88280E-03
    0.305180   -4.39450E-02
    0.202640  -0.212400
    0.148930  -0.131840
     9.27730E-02   -6.34770E-02
     9.03320E-02  -0.144040
     5.12700E-02  -0.153810
    -2.44140E-02  -0.227050
   -0.180660  -0.437010
   -0.268550  -0.517580
   -0.314940  -0.537110
   -0.351560  -0.339360
