    -1.22070E-02   -7.32420E-02
     1.22070E-02   0.197750
     4.88280E-03    9.27730E-02
    -4.39450E-02    3.41800E-02
     2.44140E-03    4.15040E-02
     1.46480E-02    6.10350E-02
     8.54490E-02    4.15040E-02
     1.95310E-02   -1.95310E-02
    -3.41800E-02  -0.156250
    -8.78910E-02  -0.107420
    -8.78910E-02    1.22070E-02
    -3.66210E-02   -2.68550E-02
    0.134280   -5.61520E-02
     2.19730E-02   -9.27730E-02
     9.03320E-02   -1.95310E-02
    -6.10350E-02    8.78910E-02
     7.32420E-03  0.
    0.173340   0.283200
    0.153810   0.383300
    0.109860    8.05660E-02
    -4.88280E-02  -0.168460
   -0.112300  -0.187990
    -7.81250E-02  -0.229490
   -0.170900  -0.280760
   -0.197750  -0.400390
   -0.131840  -0.153810
    -6.59180E-02  -0.258790
    -9.27730E-02  -0.297850
   -0.187990  -0.222170
   -0.207520   -1.46480E-02
   -0.124510   -3.66210E-02
   -0.153810   0.200200
   -0.214840   -4.88280E-02
    -7.32420E-03    2.44140E-03
    -9.03320E-02   0.256350
     5.12700E-02   0.449220
    0.327150   0.441890
    0.202640   0.419920
    0.200200   0.566410
    0.258790   0.415040
    0.131840   0.114750
     7.81250E-02   0.224610
     8.78910E-02   0.214840
     9.52150E-02    7.81250E-02
    -3.17380E-02  -0.136720
     9.76560E-03   -3.66210E-02
    0.131840   0.148930
    0.161130   0.251460
    0.195310   0.136720
    0.148930    6.83590E-02
     2.92970E-02   -5.12700E-02
    0.104980   0.114750
    0.302730   0.271000
    0.229490   0.266110
    0.424800   0.397950
     8.05660E-02    6.10350E-02
    0.300290   0.341800
    0.227050   0.241700
    0.136720   0.239260
    0.104980   0.151370
     5.37110E-02   -8.78910E-02
    0.205080   0.307620
    0.351560   0.573730
    0.148930   0.190430
    0.114750    4.88280E-03
    0.109860    6.59180E-02
   -0.166020  -0.119630
    -7.81250E-02   -4.39450E-02
    -3.66210E-02  -0.197750
     5.12700E-02  -0.168460
   -0.104980  -0.202640
    -1.02540E-01   -9.27730E-02
   -0.166020  -0.153810
    -2.19730E-02  -0.356450
     5.85940E-02    4.63870E-02
    -6.83590E-02   -4.88280E-02
     1.00100E-01  -0.163570
     2.44140E-03  -0.239260
    -7.08010E-02  -0.314940
    -4.88280E-03  -0.234380
    0.183110    4.88280E-02
     9.03320E-02   -1.46480E-02
     2.68550E-02  -0.202640
    -7.32420E-03  -0.275880
    0.231930    8.05660E-02
    0.209960  -0.224610
    0.141600  -0.227050
     2.44140E-02  -0.178220
    -7.32420E-03  -0.124510
    -2.92970E-02  -0.141600
    -7.32420E-03  -0.156250
    -2.44140E-03  -0.273440
    -1.22070E-02  -0.219730
   -0.214840  -0.231930
   -0.139160  -0.202640
     2.44140E-03   -7.81250E-02
    0.131840   0.251460
    0.114750    7.32420E-02
    -3.17380E-02   -2.44140E-03
   -0.104980   -1.00100E-01
    -1.70900E-02   -1.95310E-02
   -0.139160   -8.54490E-02
   -0.119630    3.90630E-02
     8.78910E-02   0.175780
     7.56840E-02   -9.76560E-03
     9.03320E-02   0.170900
    0.124510   0.146480
    -9.03320E-02    8.54490E-02
     5.37110E-02   0.173340
    0.134280   0.148930
    0.190430   0.212400
     9.27730E-02    2.19730E-02
     1.22070E-02    3.90630E-02
   -0.117190  -0.107420
   -0.222170  -0.324710
   -0.378420  -0.324710
   -0.180660  -0.278320
    -7.32420E-03   -1.00100E-01
   -0.231930  -0.212400
    -1.95310E-02   -9.76560E-02
    -5.85940E-02    1.46480E-02
   -0.200200  -0.161130
   -0.256350  -0.292970
   -0.227050    2.68550E-02
    -6.34770E-02   -7.32420E-02
    -7.81250E-02  -0.168460
    -3.66210E-02    5.12700E-02
     4.15040E-02   0.266110
    0.107420   0.158690
     4.63870E-02   -5.85940E-02
    0.136720   -3.17380E-02
     4.39450E-02  -0.107420
     3.41800E-02  -0.136720
     5.37110E-02  -0.170900
    -9.52150E-02   -5.85940E-02
   -0.146480   -7.81250E-02
    -5.61520E-02    5.12700E-02
     4.63870E-02    5.85940E-02
    -7.32420E-02    8.05660E-02
    -9.52150E-02    6.83590E-02
    -1.02540E-01  -0.192870
   -0.300290  -0.378420
   -0.456540  -0.458980
   -0.363770  -0.493160
   -0.351560  -0.451660
   -0.290530  -0.266110
     7.32420E-02  -0.234380
     9.76560E-02  -0.109860
    -3.66210E-02   -4.88280E-03
   -0.166020  -0.175780
   -0.263670  -0.378420
   -0.373540  -0.380860
   -0.168460  -0.173340
    -5.61520E-02  -0.314940
    -2.44140E-03   -4.63870E-02
    -9.76560E-03    4.63870E-02
   -0.222170  -0.256350
   -0.295410  -0.202640
   -0.185550   -2.19730E-02
   -0.163570    4.63870E-02
   -0.290530    4.88280E-02
   -0.219730    7.81250E-02
   -0.122070   0.146480
    -2.92970E-02    8.05660E-02
    0.144040   0.134280
     2.68550E-02    3.17380E-02
    0.161130   0.144040
    0.146480   0.136720
    0.158690   0.358890
    -3.41800E-02    5.85940E-02
     1.22070E-02    1.95310E-02
    0.112300   0.131840
    -3.90630E-02    2.19730E-02
   -0.139160  -0.402830
     5.12700E-02  -0.146480
   -0.139160  -0.144040
   -0.354000  -0.273440
   -0.295410  -0.251460
   -0.305180  -0.231930
   -0.224610  -0.432130
   -0.222170  -0.522460
    -2.44140E-03  -0.451660
   -0.173340  -0.473630
   -0.119630  -0.397950
    -1.70900E-02  -0.351560
    -7.56840E-02  -0.295410
   -0.144040  -0.275880
    -6.83590E-02  -0.195310
   -0.295410  -0.158690
    -1.02540E-01    9.52150E-02
    -7.32420E-03    7.32420E-02
    0.205080   0.122070
    0.136720    1.02540E-01
    -3.66210E-02    4.88280E-03
     9.76560E-02    7.56840E-02
     8.78910E-02    8.78910E-02
     9.76560E-02   -2.44140E-02
    0.144040   -3.41800E-02
     4.15040E-02   -7.56840E-02
    -5.85940E-02   -2.92970E-02
     3.41800E-02    7.08010E-02
    0.195310   0.180660
     5.61520E-02   0.229490
    0.207520   0.278320
    0.178220   0.158690
    0.236820   0.310060
    0.290530   0.507810
    0.292970   0.383300
    0.168460   0.266110
    0.209960   0.190430
     6.34770E-02    1.00100E-01
    0.180660   0.258790
    0.256350   0.139160
     3.41800E-02    1.70900E-02
    -4.39450E-02    6.83590E-02
    -1.22070E-02    9.27730E-02
    -5.37110E-02   0.175780
   -0.139160   0.148930
   -0.244140   -5.61520E-02
    -7.56840E-02   -7.32420E-02
     6.34770E-02    9.27730E-02
     8.78910E-02    8.30080E-02
     2.44140E-03    5.85940E-02
    -4.15040E-02   -1.95310E-02
     8.05660E-02    3.17380E-02
     6.34770E-02   0.263670
    0.151370   0.310060
    0.266110   0.173340
    0.329590   0.253910
    0.241700   0.393070
    0.197750   0.129390
     3.66210E-02  -0.214840
     8.54490E-02  -0.144040
     4.88280E-02    5.12700E-02
   -0.158690  -0.151370
    -2.44140E-03   -1.70900E-02
     2.92970E-02   -1.00100E-01
     5.61520E-02   -8.30080E-02
     7.56840E-02   -6.83590E-02
    -2.92970E-02  -0.153810
     5.85940E-02   -4.88280E-02
     3.17380E-02  -0.117190
    0.158690  -0.136720
    0.107420    3.90630E-02
    0.292970    4.15040E-02
    0.327150    2.92970E-02
    0.373540   -2.44140E-02
    0.168460    1.02540E-01
     8.78910E-02   0.241700
    0.209960   0.180660
    0.209960   -5.85940E-02
    0.358890   0.312500
    0.292970    8.54490E-02
    0.288090    1.22070E-02
    0.266110   0.307620
    0.119630   0.129390
    0.136720   -4.88280E-02
    0.244140   0.109860
    0.368650   0.192870
    0.258790   0.185550
    0.175780   0.161130
    0.114750   -7.32420E-02
     5.12700E-02  -0.114750
    0.219730   -2.44140E-02
    0.324710   0.109860
    0.217290    6.34770E-02
    0.158690   0.109860
    0.324710   0.200200
    0.317380   0.358890
    0.456540   0.380860
    0.419920   0.358890
    0.417480   0.163570
    0.124510    1.22070E-02
     1.46480E-02   -7.81250E-02
    0.168460   -2.44140E-03
    -7.32420E-03    4.88280E-02
   -0.114750   0.212400
    -6.34770E-02   0.202640
    -1.46480E-02   0.119630
     3.41800E-02   0.249020
     2.44140E-03    7.56840E-02
    0.153810   0.214840
    0.122070   0.117190
    0.180660    3.90630E-02
    0.170900    2.44140E-03
    -4.88280E-03  -0.178220
    -2.68550E-02  -0.114750
    -2.44140E-02    9.52150E-02
    0.109860   -1.22070E-02
    0.239260   0.251460
    0.112300   0.314940
    0.170900   0.231930
    0.275880   0.192870
    0.197750    1.00100E-01
     4.39450E-02    1.95310E-02
     1.02540E-01   0.195310
    0.173340   0.332030
    0.209960    6.10350E-02
    0.205080    5.61520E-02
    0.224610   0.175780
    0.195310   0.202640
     1.70900E-02   -1.22070E-02
    -9.52150E-02    2.44140E-02
   -0.187990   -9.52150E-02
    -3.41800E-02  -0.300290
    -1.95310E-02  -0.166020
    -9.03320E-02  -0.117190
    -3.17380E-02  -0.356450
     1.95310E-02  -0.322270
   -0.136720  -0.312500
     4.39450E-02  -0.271000
    -4.63870E-02  -0.346680
    -1.70900E-02  -0.410160
   -0.134280  -0.104980
    -3.66210E-02    4.88280E-03
    0.151370    1.22070E-02
    0.117190   0.129390
     6.83590E-02   0.249020
    -3.90630E-02   0.144040
    -4.63870E-02  -0.205080
    -2.19730E-02  -0.104980
    -4.39450E-02   -7.56840E-02
    0.139160    9.76560E-03
    0.261230   0.134280
    0.180660   0.168460
     3.41800E-02   0.136720
     7.56840E-02   0.119630
    0.161130   0.122070
    0.251460   0.104980
    0.185550   -6.10350E-02
     4.63870E-02   0.163570
     4.39450E-02   0.610350
    0.163570   0.559080
    0.312500   0.397950
    0.104980   0.251460
     2.44140E-02   0.354000
    0.144040   0.180660
    0.329590   0.317380
    0.236820   0.205080
    0.148930    9.03320E-02
    -3.41800E-02   0.166020
   -0.173340  -0.166020
   -0.124510  -0.170900
    -4.88280E-03   -9.27730E-02
     5.61520E-02  -0.134280
     2.19730E-02   -3.17380E-02
     8.30080E-02    4.39450E-02
     2.44140E-03    1.46480E-02
    -5.61520E-02   -3.41800E-02
    -7.56840E-02   0.107420
   -0.156250    9.27730E-02
   -0.161130  -0.109860
   -0.114750    9.03320E-02
    -1.95310E-02   -5.12700E-02
     8.30080E-02  -0.129390
     2.44140E-03   -1.22070E-02
   -0.190430  -0.214840
   -0.214840  -0.444340
    -1.00100E-01  -0.412600
   -0.190430  -0.185550
    -2.92970E-02   -7.56840E-02
     8.05660E-02  -0.173340
    0.173340   -4.63870E-02
    0.271000    8.05660E-02
    0.126950   0.324710
    0.122070   0.271000
    0.231930    6.34770E-02
    0.122070   0.336910
    0.190430   0.258790
    0.185550   0.207520
    0.305180   0.422360
    0.239260   0.361330
    0.258790   0.302730
    0.373540   0.346680
    0.263670   0.244140
    0.202640   0.119630
     5.37110E-02    1.00100E-01
    0.107420    9.76560E-02
    0.300290   0.122070
    0.368650   -1.70900E-02
     5.12700E-02   0.192870
    0.134280   0.175780
     8.78910E-02   0.112300
     2.44140E-02    2.19730E-02
    0.107420    8.05660E-02
     1.02540E-01   -3.17380E-02
    0.356450   0.144040
    0.302730   0.229490
    0.239260   0.192870
    0.261230   0.163570
    0.212400   0.187990
     3.90630E-02   0.151370
    -8.05660E-02  -0.122070
   -0.124510   -3.66210E-02
     2.19730E-02   -1.22070E-02
    0.134280   -6.59180E-02
    -7.56840E-02  -0.256350
     2.44140E-03  -0.371090
    -5.12700E-02   -7.81250E-02
   -0.197750  -0.153810
   -0.185550  -0.275880
     1.22070E-02  -0.195310
     2.92970E-02  -0.173340
    -4.88280E-02  -0.205080
   -0.290530  -0.307620
   -0.107420   -8.05660E-02
    -8.78910E-02  -0.168460
   -0.124510  -0.109860
     8.05660E-02   -4.88280E-02
     8.54490E-02    2.44140E-02
   -0.166020  -0.197750
    -1.46480E-02  -0.141600
     7.32420E-03  -0.268550
   -0.104980  -0.317380
    -3.66210E-02  -0.261230
    -4.88280E-02  -0.236820
    0.195310   -5.61520E-02
     9.76560E-03  -0.256350
     7.81250E-02   -1.00100E-01
    -4.88280E-03  -0.168460
    0.119630   -3.66210E-02
    0.168460    1.46480E-02
     4.88280E-02   0.134280
     6.10350E-02   0.107420
    0.153810   0.119630
     9.03320E-02    2.68550E-02
    0.129390   0.112300
     3.17380E-02   -1.02540E-01
    -2.92970E-02  -0.332030
     8.05660E-02   -8.30080E-02
    0.126950   0.300290
    -6.10350E-02   0.209960
     6.10350E-02    2.44140E-03
     9.03320E-02  -0.122070
    -6.10350E-02    4.15040E-02
    -3.17380E-02    8.54490E-02
     7.32420E-03   -5.12700E-02
    0.107420   -4.15040E-02
    0.114750   0.195310
     1.22070E-02    3.90630E-02
    -2.19730E-02   0.231930
     4.15040E-02   0.427250
     3.66210E-02   0.456540
     3.66210E-02   0.319820
    -1.46480E-02    9.03320E-02
     6.10350E-02   0.207520
    0.131840   0.119630
     1.22070E-02  0.
    -8.30080E-02   -6.59180E-02
     1.70900E-02    2.44140E-03
     6.34770E-02    2.44140E-02
    -6.59180E-02   0.126950
    -2.44140E-03   0.251460
    0.239260   0.134280
     9.76560E-02   0.153810
    -1.46480E-02   -2.92970E-02
     4.88280E-03   -9.52150E-02
     4.88280E-02    2.68550E-02
   -0.163570    1.22070E-02
    -9.52150E-02    6.10350E-02
   -0.126950    5.61520E-02
    0.168460   0.246580
    0.158690   0.200200
    0.251460   0.202640
    0.378420   0.507810
    0.527340   0.544430
    0.419920   0.263670
    0.332030   0.271000
    0.214840   0.283200
     2.19730E-02   0.109860
    -7.32420E-02  -0.207520
   -0.187990  -0.180660
   -0.136720  -0.217290
    -8.54490E-02  -0.190430
   -0.114750  -0.217290
   -0.363770  -0.466310
   -0.380860  -0.473630
   -0.424800  -0.290530
   -0.283200  -0.371090
   -0.378420  -0.395510
   -0.380860  -0.346680
   -0.424800  -0.153810
   -0.390630  -0.141600
   -0.429690  -0.195310
   -0.295410  -0.112300
   -0.261230  -0.119630
   -0.129390   -3.41800E-02
   -0.205080   -8.30080E-02
    -5.12700E-02   0.109860
     1.95310E-02   0.349120
    -7.32420E-03   0.292970
    0.141600   0.366210
    -8.54490E-02   0.422360
   -0.144040   0.173340
    -8.54490E-02   -1.70900E-02
    -1.22070E-02   -8.05660E-02
    -1.46480E-02  -0.178220
    -4.63870E-02   -8.54490E-02
   -0.212400   -2.19730E-02
   -0.109860   -2.68550E-02
   -0.104980  -0.124510
   -0.129390  -0.112300
     1.95310E-02   -5.37110E-02
   -0.124510  -0.158690
    -9.76560E-02  -0.212400
   -0.117190  -0.249020
    -8.30080E-02  -0.153810
    -9.03320E-02  -0.124510
   -0.112300  -0.249020
    -1.02540E-01  -0.209960
   -0.144040  -0.217290
    -8.54490E-02  -0.236820
     8.05660E-02   0.151370
    0.112300    9.76560E-03
     4.88280E-03    6.34770E-02
    -2.44140E-03    5.85940E-02
     2.68550E-02  -0.161130
   0.  -0.192870
    -4.88280E-02  -0.224610
   -0.126950  -0.214840
     3.17380E-02  -0.134280
    0.112300    3.90630E-02
    0.148930   -1.46480E-02
     8.05660E-02   -7.32420E-03
     4.39450E-02   -2.92970E-02
     7.32420E-02   -8.54490E-02
    0.163570   -5.61520E-02
    0.205080   -3.41800E-02
    0.170900    6.34770E-02
    0.129390   0.195310
    0.202640   0.139160
    0.148930    5.12700E-02
    0.288090    7.81250E-02
    0.183110   0.249020
     9.76560E-02   0.153810
     7.81250E-02   -4.15040E-02
    0.158690   0.234380
    0.231930   0.229490
    0.307620   0.139160
    0.195310   0.134280
    0.119630   0.246580
     4.15040E-02   0.134280
    -1.70900E-02   -3.17380E-02
     7.08010E-02    1.02540E-01
    0.126950   0.261230
     1.95310E-02   0.344240
    0.161130   0.173340
    0.180660    4.88280E-02
    0.173340   0.141600
    0.200200   0.322270
    0.246580   0.141600
     4.88280E-02    1.00100E-01
    0.114750   0.187990
    0.231930   0.212400
     1.02540E-01   0.234380
    -1.70900E-02    4.15040E-02
    -3.90630E-02   -9.76560E-03
    -2.92970E-02   0.104980
    -2.19730E-02   0.153810
    0.202640   0.112300
    0.266110    1.02540E-01
    0.161130   0.117190
     9.52150E-02   0.131840
    0.217290   0.163570
    0.141600   0.231930
     7.08010E-02    8.30080E-02
   0.    7.56840E-02
     9.52150E-02    1.00100E-01
    0.197750   0.187990
     4.39450E-02    2.44140E-02
    0.178220  -0.114750
    0.283200   -8.05660E-02
    0.139160   -9.76560E-02
     8.30080E-02    1.95310E-02
     8.54490E-02   0.212400
     6.83590E-02   0.209960
    0.151370   0.104980
    0.261230   0.285640
     3.66210E-02   0.234380
   -0.175780    3.66210E-02
   -0.166020  -0.253910
    -4.63870E-02  -0.134280
    -7.32420E-02  -0.134280
   -0.195310  -0.168460
   -0.170900  -0.229490
   -0.124510  -0.271000
   -0.222170  -0.131840
   -0.144040  -0.180660
   -0.163570  -0.295410
    -9.03320E-02   -1.02540E-01
     6.59180E-02  -0.141600
    0.134280    4.15040E-02
     4.88280E-03    2.44140E-02
    -9.76560E-02  -0.185550
    -4.63870E-02  -0.114750
     2.44140E-03   -1.02540E-01
    0.114750    2.44140E-02
     5.85940E-02   0.104980
    0.273440   0.288090
    0.227050   0.434570
    0.144040   0.358890
    0.153810   0.222170
    0.163570    5.37110E-02
     3.90630E-02   -5.37110E-02
    -8.30080E-02   -8.78910E-02
     6.34770E-02  0.
    0.236820    9.76560E-03
    0.161130  -0.104980
    0.144040    1.70900E-02
    0.134280    6.83590E-02
    -5.61520E-02    1.70900E-02
   -0.112300   -9.76560E-03
    -7.56840E-02  -0.214840
   -0.156250   -7.08010E-02
   -0.151370    3.90630E-02
     7.32420E-03    1.22070E-02
    -4.15040E-02   -5.12700E-02
    -1.95310E-02   -1.70900E-02
   -0.153810  -0.148930
   -0.227050   -9.27730E-02
   -0.280760  -0.163570
   -0.283200  -0.119630
   -0.234380  -0.192870
   -0.202640   -2.44140E-02
   -0.178220   -4.39450E-02
   -0.261230   -1.46480E-02
   -0.319820  -0.151370
   -0.515140  -0.505370
   -0.507810  -0.349120
   -0.510250  -0.271000
   -0.397950  -0.305180
   -0.266110  -0.368650
   -0.288090  -0.231930
   -0.341800  -0.292970
   -0.361330  -0.207520
   -0.295410  -0.275880
   -0.339360  -0.339360
   -0.358890  -0.317380
   -0.253910  -0.412600
   -0.314940  -0.292970
   -0.253910  -0.209960
   -0.148930  -0.419920
    -1.46480E-02  -0.205080
     2.19730E-02   -7.08010E-02
    0.180660    9.52150E-02
    0.219730    5.37110E-02
     4.88280E-02   -2.92970E-02
     4.63870E-02   -8.05660E-02
     2.44140E-02   -5.61520E-02
    -6.83590E-02  -0.185550
    -6.10350E-02  -0.117190
    -4.88280E-02    1.70900E-02
    -2.44140E-03   -2.44140E-02
     2.44140E-03    2.44140E-02
    -1.00100E-01    3.66210E-02
   -0.207520  -0.178220
   -0.170900  -0.163570
    -1.22070E-02   0.153810
    0.139160   0.195310
    0.122070   0.122070
     1.70900E-02    3.17380E-02
   -0.104980    2.44140E-03
   -0.168460  -0.197750
    -9.03320E-02  -0.178220
   -0.126950    8.54490E-02
     1.46480E-02    9.27730E-02
     1.02540E-01   0.153810
    0.131840   0.229490
    0.175780   0.283200
     9.52150E-02   0.195310
    0.129390   0.244140
    -7.32420E-03   0.112300
   -0.131840   -5.12700E-02
    -2.68550E-02   -2.19730E-02
     6.10350E-02  -0.156250
     3.17380E-02   -6.83590E-02
     2.19730E-02   0.300290
    -9.76560E-02    1.46480E-02
    -7.56840E-02    8.30080E-02
     4.63870E-02   0.163570
    0.104980    7.08010E-02
    -6.10350E-02   0.266110
     9.76560E-03   0.146480
     4.63870E-02  -0.126950
    -3.90630E-02  -0.327150
   -0.246580  -0.317380
   -0.175780  -0.227050
   -0.144040  -0.241700
   -0.153810  -0.207520
   -0.107420   -7.08010E-02
   -0.180660   -3.66210E-02
     2.92970E-02  -0.227050
     7.56840E-02   -4.15040E-02
     9.27730E-02    3.41800E-02
    0.168460   0.156250
     8.54490E-02   -4.88280E-03
     4.63870E-02  -0.183110
    -3.66210E-02  -0.153810
    -4.88280E-02  -0.207520
   -0.107420  -0.168460
   -0.190430  -0.283200
   -0.126950  -0.241700
    -9.76560E-03   -5.85940E-02
    0.261230   0.173340
    0.183110  -0.134280
    0.139160   -9.03320E-02
    0.275880    2.19730E-02
    0.412600   0.346680
    0.329590   0.227050
    0.285640   0.183110
    0.275880   0.202640
    0.300290   0.393070
     2.44140E-03   0.151370
   -0.205080   -1.95310E-02
   -0.314940    4.39450E-02
   -0.297850   -7.56840E-02
   -0.207520    5.61520E-02
   -0.144040   -1.00100E-01
   -0.166020  -0.244140
   -0.229490  -0.136720
   -0.202640  -0.246580
   -0.224610  -0.400390
   -0.317380  -0.537110
   -0.458980  -0.498050
   -0.400390  -0.361330
   -0.393070  -0.458980
   -0.266110  -0.366210
    -4.88280E-02  -0.119630
    -7.81250E-02   -6.59180E-02
   -0.295410  -0.244140
   -0.173340  -0.153810
     1.95310E-02  -0.212400
    0.136720    6.83590E-02
     7.08010E-02   0.227050
    -3.17380E-02   0.151370
    -7.32420E-03    3.66210E-02
     6.59180E-02   0.253910
    0.170900   0.554200
    0.246580   0.524900
    0.273440   0.236820
    0.195310   0.275880
     9.52150E-02    2.19730E-02
    0.109860    8.78910E-02
    0.109860    9.03320E-02
     5.12700E-02    1.00100E-01
    -1.95310E-02   -2.44140E-02
   -0.151370   -3.17380E-02
     9.52150E-02  -0.173340
    0.119630  -0.195310
   -0.166020  -0.283200
   -0.158690  -0.266110
   -0.231930  -0.219730
   -0.200200  -0.156250
    -6.10350E-02  -0.249020
   -0.227050  -0.378420
    -1.02540E-01  -0.227050
   -0.126950  -0.212400
     2.44140E-02   -9.03320E-02
     7.08010E-02  -0.163570
    0.222170  -0.207520
     2.44140E-02  -0.278320
     2.68550E-02   -7.81250E-02
    0.241700    1.02540E-01
    0.383300   0.219730
    0.505370   0.290530
    0.368650   0.251460
    0.375980   0.490720
    0.378420   0.407710
    0.280760   0.346680
    0.253910   0.292970
    0.195310   0.197750
     3.90630E-02   0.219730
    0.104980    6.59180E-02
     3.90630E-02   -1.46480E-02
     5.37110E-02   -7.81250E-02
     7.56840E-02   -4.15040E-02
    0.104980   0.246580
    0.202640   0.139160
    0.119630   0.202640
    0.139160    4.88280E-03
    0.236820    2.68550E-02
    0.239260   0.219730
    0.253910   0.173340
    0.268550   0.300290
     1.02540E-01    6.10350E-02
     1.95310E-02    1.70900E-02
     3.90630E-02   0.234380
     3.90630E-02    5.37110E-02
     9.76560E-03  -0.173340
    -3.41800E-02   -9.27730E-02
     6.59180E-02    4.88280E-02
    0.263670    9.76560E-02
    0.109860    1.95310E-02
    0.366210   0.190430
    0.302730   0.375980
    0.170900   0.256350
    0.122070   0.261230
    0.139160   0.334470
    0.144040   0.495610
     7.56840E-02   0.476070
     8.30080E-02   0.219730
    0.151370   0.219730
    0.126950   0.153810
    0.144040   0.246580
    0.117190   0.231930
    0.136720    9.52150E-02
    0.139160   0.187990
     9.27730E-02   0.285640
     7.56840E-02   0.205080
    -2.92970E-02   0.261230
   -0.151370   -4.39450E-02
   -0.236820   -5.61520E-02
   -0.256350    7.81250E-02
   -0.190430   0.222170
    -7.32420E-02   0.256350
    0.124510   0.271000
    -7.56840E-02   0.139160
    -8.54490E-02    9.27730E-02
     4.63870E-02   0.249020
    0.153810   0.207520
    0.109860   0.290530
    0.244140   0.466310
    0.251460   0.449220
    0.222170   0.461430
    0.271000   0.603030
    0.466310   0.642090
    0.266110   0.690920
    0.212400   0.500490
    0.136720   0.517580
     7.08010E-02   0.456540
     8.30080E-02   0.266110
     5.61520E-02   0.241700
     5.61520E-02   0.290530
    0.222170   0.314940
     4.15040E-02   0.185550
     2.44140E-03   0.168460
    0.134280   0.192870
    0.192870   0.356450
     8.30080E-02   0.153810
    -8.54490E-02    3.41800E-02
    -5.85940E-02   0.112300
    -1.46480E-02    2.92970E-02
     7.56840E-02    9.52150E-02
    -1.46480E-02   0.231930
     7.81250E-02   0.302730
     2.68550E-02   0.278320
    0.134280   0.183110
    0.266110   0.200200
    0.261230   0.483400
    0.185550   0.598140
    0.107420   0.302730
    0.185550   0.314940
     4.39450E-02   0.532230
    0.166020   0.341800
    0.332030   0.480960
    0.346680   0.693360
    0.302730   0.690920
    0.295410   0.415040
    0.161130   0.283200
    0.119630   0.339360
    0.163570   0.483400
    0.151370   0.405270
     7.08010E-02   0.283200
    -3.17380E-02   0.146480
   -0.319820  -0.126950
   -0.427250  -0.283200
   -0.476070  -0.207520
   -0.485840  -0.280760
   -0.419920  -0.239260
   -0.515140  -0.278320
   -0.439450  -0.388180
   -0.407710  -0.217290
   -0.424800  -0.158690
   -0.322270    4.63870E-02
   -0.266110  -0.129390
   -0.241700   -9.27730E-02
   -0.324710   -6.59180E-02
   -0.344240  -0.126950
   -0.346680  -0.178220
     6.59180E-02    9.76560E-03
    0.368650   0.346680
    0.192870   0.419920
    0.122070   0.146480
    0.209960   0.273440
    0.158690   0.317380
     2.44140E-02    1.00100E-01
    0.114750   0.153810
     7.08010E-02   0.144040
    0.144040    3.17380E-02
    0.163570  -0.131840
     3.66210E-02   0.126950
    0.148930   0.131840
    0.156250    6.10350E-02
    0.246580   -5.37110E-02
    0.131840   -4.63870E-02
    -1.22070E-02   -1.02540E-01
    -9.76560E-03   -9.52150E-02
    0.126950  -0.112300
    0.148930  -0.141600
    0.131840   -4.63870E-02
     9.76560E-02   -7.56840E-02
     9.52150E-02   -4.15040E-02
    0.214840   0.195310
    0.375980   0.378420
    0.200200   0.363770
    0.258790   0.424800
    0.407710   0.468750
    0.415040   0.405270
    0.285640   0.166020
     1.02540E-01    1.70900E-02
    0.197750    7.56840E-02
    0.163570    6.59180E-02
    0.161130   0.104980
    0.246580    3.66210E-02
    0.209960   0.251460
    0.107420   0.163570
     4.39450E-02   -7.81250E-02
    -6.34770E-02  -0.202640
    -9.76560E-02   -1.02540E-01
   -0.129390   -9.76560E-02
   -0.136720  -0.185550
    -8.05660E-02   0.278320
     1.00100E-01   0.314940
    0.109860   0.129390
    0.244140   -6.34770E-02
    0.217290    4.88280E-02
    0.139160  0.
     7.08010E-02  -0.107420
    0.166020  -0.134280
    0.134280   -4.88280E-02
     9.52150E-02  -0.124510
    0.117190  -0.129390
    0.341800   0.109860
    0.385740    4.88280E-03
    0.419920   0.107420
    0.275880   0.209960
    0.280760   0.166020
    0.109860    6.10350E-02
    0.126950   -1.22070E-02
     1.22070E-02    1.22070E-02
   -0.156250  -0.126950
   -0.144040  -0.200200
    -6.34770E-02    4.39450E-02
    0.109860   0.151370
    -3.17380E-02    8.78910E-02
   -0.141600  -0.163570
   -0.114750   -8.05660E-02
     3.41800E-02   -2.44140E-02
     3.17380E-02    1.22070E-02
     2.19730E-02   -2.19730E-02
    -4.88280E-03  -0.122070
     4.88280E-03  -0.180660
   -0.212400  -0.136720
   -0.229490   -7.56840E-02
   -0.156250  -0.153810
   -0.239260  -0.124510
   -0.124510    4.15040E-02
    -5.12700E-02   -2.19730E-02
    -4.63870E-02  -0.144040
    -5.12700E-02  -0.195310
   -0.136720  -0.241700
   -0.222170  -0.224610
    -6.59180E-02    2.19730E-02
     6.34770E-02  0.
     2.44140E-03   0.112300
    -7.32420E-03   0.144040
     1.00100E-01   -9.03320E-02
    0.173340    7.81250E-02
    0.124510   0.200200
     7.56840E-02    4.63870E-02
     6.34770E-02   0.134280
     1.95310E-02  -0.109860
   -0.109860  -0.180660
    -9.27730E-02  -0.231930
   -0.129390  -0.170900
   -0.119630  -0.251460
   -0.209960  -0.190430
   -0.251460  -0.168460
   -0.275880  -0.256350
   -0.339360  -0.419920
   -0.488280  -0.468750
   -0.422360  -0.314940
   -0.383300  -0.473630
   -0.454100  -0.236820
   -0.708010  -0.175780
   -0.598140  -0.366210
   -0.493160  -0.363770
   -0.539550  -0.327150
   -0.537110  -0.522460
   -0.437010  -0.371090
   -0.258790  -0.302730
   -0.317380  -0.283200
   -0.224610   -5.61520E-02
    -5.37110E-02    5.37110E-02
    -4.15040E-02   -1.95310E-02
   -0.104980   -7.08010E-02
   -0.146480    4.15040E-02
     6.59180E-02   -4.88280E-03
    -9.52150E-02   -2.68550E-02
   -0.185550  -0.146480
